(8,((2,9),(4,(((1,(6,(3,(5,(8,(10,7)))))))))));
(8,(4,((((10,(3,(5,7))),(6,(1,8)))),(2,9))));
(8,((2,9),(4,(((10,(6,(8,(1,7)))),(3,5))))));
(8,(4,((((((1,(3,5)),(10,6)),(7,8)))),(2,9))));
(8,((2,9),(4,((5,((6,(3,7)),(8,(1,10))))))));
(8,((((((1,8),(6,7)),(10,(3,5))))),(4,(2,9))));
(8,((((1,(3,(10,5))),(6,(7,8)))),(4,(2,9))));
(8,(4,(((((1,(3,7)),(10,(5,(6,8)))))),(2,9))));
(8,(4,(((((1,(5,(6,8))),(7,(10,3))))),(2,9))));
(8,((2,9),(4,((((10,5),((3,7),(6,(1,8)))))))));
(8,((2,9),(4,(((3,(1,8)),(6,(10,(5,7))))))));
(8,((2,9),(4,((10,(5,(3,((1,6),(7,8)))))))));
(8,((2,9),(4,(((3,(1,(10,(5,(7,(6,8)))))))))));
(8,((4,(2,9)),((((6,(5,(1,10))),(8,(3,7)))))));
(8,((4,(2,9)),(((6,((1,(7,8)),(5,(10,3))))))));
(8,(4,(((10,8),(7,((1,5),(3,6)))),(2,9))));
(8,((4,(2,9)),(((8,((3,7),(6,(10,(1,5)))))))));
(8,(4,((((10,(7,(5,8))),(6,(1,3)))),(2,9))));
(4,((2,9),(((6,(3,5)),(8,(10,(1,7)))))));
(8,((2,9),(4,((((1,(3,(5,8))),(7,(10,6))))))));
(8,(4,(((((1,(6,(5,(10,3)))),(7,8)))),(2,9))));
((2,9),(4,((1,(7,(3,(5,(6,(10,8)))))))));
(8,((4,(2,9)),(((6,(1,7)),(8,(3,(10,5)))))));
(8,(((((10,(6,(5,8))),(7,(1,3))))),(4,(2,9))));
(8,(4,((((1,((10,7),(5,6))),(3,8))),(2,9))));
(8,((2,9),(4,(((5,(10,8)),(6,(1,(3,7))))))));
(8,((2,9),(4,(((1,((10,6),(3,(8,(5,7))))))))));
(8,(((1,7),((3,(10,6)),(5,8))),(4,(2,9))));
(8,((2,9),(4,(((8,(1,(10,(7,(5,(3,6)))))))))));
(8,(4,((((1,(5,(3,6))),(7,(10,8)))),(2,9))));
(8,((4,(2,9)),((7,((10,6),(8,(3,(1,5))))))));
(((((1,(3,6)),(10,7)),(5,8))),(4,(2,9)));
(8,((2,9),(4,((7,(1,10)),(8,(5,(3,6)))))));
(8,(4,(((((10,6),(3,7)),(5,(1,8)))),(2,9))));
(8,((((10,((1,(6,7)),(3,(5,8)))))),(4,(2,9))));
(8,(4,((((((10,7),(8,(1,3))),(5,6)))),(2,9))));
(8,(4,((((1,(7,(5,(3,6)))),(10,8))),(2,9))));
(8,((2,9),(4,((((1,(10,6)),((3,7),(5,8))))))));
(8,(((3,(((1,6),(10,7)),(5,8)))),(4,(2,9))));
((((10,8),(7,(3,(1,(5,6)))))),(4,(2,9)));
(8,((4,(2,9)),((6,(3,(5,7))),(8,(1,10)))));
(8,((2,9),(4,(5,(7,(3,(6,(8,(1,10)))))))));
(8,(4,(((((10,5),(7,8)),(6,(1,3)))),(2,9))));
(8,(4,((((10,8),(3,(1,7))),(5,6)),(2,9))));
(8,(((((1,(6,8)),((10,3),(5,7))))),(4,(2,9))));
(8,(4,(((1,((5,(10,3)),(6,(7,8))))),(2,9))));
(8,((((3,8),(7,(5,(1,(10,6)))))),(4,(2,9))));
(8,(4,((((10,3),(6,(1,(8,(5,7)))))),(2,9))));
(8,((4,(2,9)),(8,((1,10),(6,(5,(3,7)))))));
(8,(4,((((1,(5,8)),((10,6),(3,7)))),(2,9))));
(8,((2,9),(4,((((10,(5,(3,(1,6)))),(7,8)))))));
(8,((2,9),(4,((8,(((1,6),(10,5)),(3,7)))))));
(8,((((1,3),((10,(5,8)),(6,7)))),(4,(2,9))));
(8,(4,((2,9),((5,(8,(1,(10,3)))),(6,7)))));
(8,(((1,6),((10,7),(3,(5,8)))),(4,(2,9))));
(8,(4,((2,9),(((5,(10,6)),(8,(1,(3,7))))))));
((4,(2,9)),(((8,(((1,5),(6,7)),(10,3))))));
(8,(4,((((1,(8,(10,7))),(6,(3,5)))),(2,9))));
(8,(4,((2,9),((5,((1,(10,7)),(3,(6,8))))))));
(4,(9,(2,((((1,8),(5,(6,(10,(3,7))))))))));
(8,(4,((2,9),(((7,((1,3),((10,8),(5,6)))))))));
(8,(((((1,(7,(5,6))),(8,(10,3))))),(4,(2,9))));
(8,((2,9),(4,((8,(6,(1,(10,(3,(5,7))))))))));
(8,(4,((((1,(10,6)),(7,8)),(3,5)),(2,9))));
(8,((((10,5),((3,7),(8,(1,6))))),(4,(2,9))));
(8,((4,(2,9)),((5,(7,(10,(8,(1,(3,6)))))))));
(8,((2,9),(4,((5,((3,(10,8)),(7,(1,6))))))));
(8,((2,9),(4,(((((3,6),(5,8)),(7,(1,10))))))));
(8,(4,((2,9),(((3,(1,5)),(7,(10,(6,8))))))));
(8,(4,((((10,((3,6),(7,(8,(1,5))))))),(2,9))));
(8,((2,9),(4,(((7,(10,((1,3),(5,(6,8))))))))));
(8,(((((3,(10,5)),(6,(8,(1,7)))))),(4,(2,9))));
(8,(((((1,6),((10,(5,8)),(3,7))))),(4,(2,9))));
(8,((((3,(5,6)),(8,(10,(1,7))))),(4,(2,9))));
(8,((2,9),(4,((((1,10),(3,7)),(8,(5,6)))))));
(8,(4,((((((1,3),(5,8)),(10,(6,7))))),(2,9))));
(8,((2,9),(4,(((1,(7,(5,6))),(3,(10,8)))))));
(8,(4,((2,9),((((7,(5,6)),(8,(1,(10,3)))))))));
(8,(((((3,(7,(1,8))),(5,(10,6))))),(4,(2,9))));
(8,((2,9),(4,((10,(5,((1,6),(8,(3,7)))))))));
(8,(4,((1,(6,((10,(3,7)),(5,8)))),(2,9))));
(8,((4,(2,9)),(((6,((1,(8,(3,5))),(10,7)))))));
(8,(4,((((((1,3),(5,6)),(10,(7,8))))),(2,9))));
(8,((2,9),(4,((((1,(10,6)),(5,(7,(3,8)))))))));
(8,(((((1,(3,7)),((10,8),(5,6))))),(4,(2,9))));
(((((1,5),(3,((10,7),(6,8)))))),(4,(2,9)));
(8,((2,9),(4,((10,((1,(3,6)),(5,(7,8))))))));
(8,(4,((2,9),((3,(((1,10),(6,8)),(5,7)))))));
(8,(4,((((1,(6,7)),((10,3),(5,8)))),(2,9))));
(8,(4,(((10,((1,(5,(6,8))),(3,7)))),(2,9))));
((2,9),(4,((((1,10),(6,(5,(8,(3,7)))))))));
(8,((4,(2,9)),(((5,((1,10),((3,7),(6,8))))))));
(8,(((((1,7),((10,(3,6)),(5,8))))),(4,(2,9))));
(8,(4,((2,9),((6,((10,(7,(1,8))),(3,5)))))));
(8,((4,(2,9)),(((5,(10,3)),(7,(6,(1,8)))))));
(8,((((((1,10),(5,7)),(3,(6,8))))),(4,(2,9))));
(8,(4,((2,9),(((3,(7,(6,8))),(5,(1,10)))))));
(8,((10,((1,6),(3,(8,(5,7))))),(4,(2,9))));
(8,(4,((((1,8),(5,(6,(7,(10,3)))))),(2,9))));
((4,(2,9)),(((6,(3,((10,(1,5)),(7,8)))))));
